Timestamp,SessionId,UserName, AbsoluteUrl,Menu,Submenu
28/5/2024 3:25:06 PM,zp1l2qziif0jhwjlpozgt5p1,Zhirenzheng,https://portal.incorp.asia/myportal/EmailHelpdesk/frmEhpdDashboardTickets,DashBoard,Dashboard
28/5/2024 3:25:13 PM,zp1l2qziif0jhwjlpozgt5p1,Zhirenzheng,https://portal.incorp.asia/myportal/EmailHelpdesk/frmEhpdDashboardTickets/GetStaffName,DashBoard,Dashboard
28/5/2024 3:43:37 PM,h3epyi2lm4az3kpgdfgp4foe,Zhirenzheng,https://portal.incorp.asia/myportal/EmailHelpdesk/frmEhpdDashboardTickets,DashBoard,Dashboard
28/5/2024 3:43:44 PM,h3epyi2lm4az3kpgdfgp4foe,Zhirenzheng,https://portal.incorp.asia/myportal/EmailHelpdesk/frmEhpdDashboardTickets/GetStaffName,DashBoard,Dashboard
28/5/2024 3:48:37 PM,h3epyi2lm4az3kpgdfgp4foe,Zhirenzheng,https://portal.incorp.asia/myportal/EmailHelpdesk/frmEhpdDashboardTickets,DashBoard,Dashboard
28/5/2024 4:16:51 PM,e53gn2ir0sah25lvkwtfqip3,Zhirenzheng,https://portal.incorp.asia/myportal/EmailHelpdesk/frmEhpdDashboardTickets,DashBoard,Dashboard
28/5/2024 4:16:56 PM,e53gn2ir0sah25lvkwtfqip3,Zhirenzheng,https://portal.incorp.asia/myportal/EmailHelpdesk/frmEhpdDashboardTickets/GetStaffName,DashBoard,Dashboard
28/5/2024 4:17:01 PM,e53gn2ir0sah25lvkwtfqip3,Zhirenzheng,https://portal.incorp.asia/myportal/CRMModule/frmCRMMain,Corporate Secretary,CRM Module
28/5/2024 4:17:39 PM,e53gn2ir0sah25lvkwtfqip3,Zhirenzheng,https://portal.incorp.asia/myportal/CRMModule/frmCRMMain,Corporate Secretary,CRM Module
28/5/2024 4:17:40 PM,e53gn2ir0sah25lvkwtfqip3,Zhirenzheng,https://portal.incorp.asia/myportal/CRMModule/frmCRMMain,Corporate Secretary,CRM Module
28/5/2024 4:17:41 PM,e53gn2ir0sah25lvkwtfqip3,Zhirenzheng,https://portal.incorp.asia/myportal/CRMModule/frmCRMMain,Corporate Secretary,CRM Module
28/5/2024 4:21:56 PM,e53gn2ir0sah25lvkwtfqip3,Zhirenzheng,https://portal.incorp.asia/myportal/CRMModule/frmCRMMain,Corporate Secretary,CRM Module
28/5/2024 4:24:15 PM,e53gn2ir0sah25lvkwtfqip3,Zhirenzheng,https://portal.incorp.asia/myportal/CRMModule/frmCRMMain?CRM_CompanyId=18514,Corporate Secretary,CRM Module
28/5/2024 4:26:02 PM,e53gn2ir0sah25lvkwtfqip3,Zhirenzheng,https://portal.incorp.asia/myportal/CRMModule/frmCRMMain?CRM_CompanyId=18514,Corporate Secretary,CRM Module
28/5/2024 4:26:55 PM,e53gn2ir0sah25lvkwtfqip3,Zhirenzheng,https://portal.incorp.asia/myportal/CRMModule/frmCRMMain?CRM_CompanyId=18514,Corporate Secretary,CRM Module
28/5/2024 4:28:26 PM,e53gn2ir0sah25lvkwtfqip3,Zhirenzheng,https://portal.incorp.asia/myportal/CRMModule/frmCRMMain?MailMsg=Mail%20Sent%20Successfully,Corporate Secretary,CRM Module
28/5/2024 4:29:21 PM,e53gn2ir0sah25lvkwtfqip3,Zhirenzheng,https://portal.incorp.asia/myportal/CRMModule/frmCRMMain?MailMsg=Mail+Sent+Successfully,Corporate Secretary,CRM Module
28/5/2024 4:29:22 PM,e53gn2ir0sah25lvkwtfqip3,Zhirenzheng,https://portal.incorp.asia/myportal/CRMModule/frmCRMMain?MailMsg=Mail+Sent+Successfully,Corporate Secretary,CRM Module
28/5/2024 4:29:28 PM,e53gn2ir0sah25lvkwtfqip3,Zhirenzheng,https://portal.incorp.asia/myportal/CRMModule/frmCRMMain?MailMsg=Mail+Sent+Successfully,Corporate Secretary,CRM Module
28/5/2024 4:57:32 PM,e53gn2ir0sah25lvkwtfqip3,Zhirenzheng,https://portal.incorp.asia/myportal/CRMModule/frmCRMMain?MailMsg=Mail+Sent+Successfully,Corporate Secretary,CRM Module
28/5/2024 4:58:07 PM,e53gn2ir0sah25lvkwtfqip3,Zhirenzheng,https://portal.incorp.asia/myportal/CRMModule/frmCRMMain?CRM_CompanyId=19021,Corporate Secretary,CRM Module
28/5/2024 4:58:12 PM,e53gn2ir0sah25lvkwtfqip3,Zhirenzheng,https://portal.incorp.asia/myportal/CRMModule/frmCRMMain?CRM_CompanyId=19021,Corporate Secretary,CRM Module
28/5/2024 4:58:53 PM,e53gn2ir0sah25lvkwtfqip3,Zhirenzheng,https://portal.incorp.asia/myportal/CRMModule/frmCRMMain?CRM_CompanyId=19021,Corporate Secretary,CRM Module
28/5/2024 5:01:00 PM,e53gn2ir0sah25lvkwtfqip3,Zhirenzheng,https://portal.incorp.asia/myportal/CRMModule/frmCRMMain?MailMsg=Mail%20Sent%20Successfully,Corporate Secretary,CRM Module
28/5/2024 5:07:12 PM,e53gn2ir0sah25lvkwtfqip3,Zhirenzheng,https://portal.incorp.asia/myportal/CRMModule/frmCRMMain?CRM_CompanyId=19021,Corporate Secretary,CRM Module
28/5/2024 5:07:13 PM,e53gn2ir0sah25lvkwtfqip3,Zhirenzheng,https://portal.incorp.asia/myportal/CRMModule/frmCRMMain?CRM_CompanyId=19021,Corporate Secretary,CRM Module
28/5/2024 5:07:14 PM,e53gn2ir0sah25lvkwtfqip3,Zhirenzheng,https://portal.incorp.asia/myportal/CRMModule/frmCRMMain?CRM_CompanyId=19021,Corporate Secretary,CRM Module
28/5/2024 5:25:15 PM,e53gn2ir0sah25lvkwtfqip3,Zhirenzheng,https://portal.incorp.asia/myportal/CRMModule/frmCRMMain?CRM_CompanyId=19021,Corporate Secretary,CRM Module
28/5/2024 5:29:47 PM,e53gn2ir0sah25lvkwtfqip3,Zhirenzheng,https://portal.incorp.asia/myportal/CRMModule/frmCRMMain?CRM_CompanyId=22530,Corporate Secretary,CRM Module
28/5/2024 5:38:35 PM,e53gn2ir0sah25lvkwtfqip3,Zhirenzheng,https://portal.incorp.asia/myportal/CRMModule/frmCRMMain?CRM_CompanyId=22530,Corporate Secretary,CRM Module
28/5/2024 5:55:08 PM,e53gn2ir0sah25lvkwtfqip3,Zhirenzheng,https://portal.incorp.asia/myportal/CRMModule/frmCRMMain?CRM_CompanyId=22530,Corporate Secretary,CRM Module
28/5/2024 6:06:18 PM,e53gn2ir0sah25lvkwtfqip3,Zhirenzheng,https://portal.incorp.asia/myportal/CRMModule/frmCRMMain?CRM_CompanyId=22530,Corporate Secretary,CRM Module
28/5/2024 6:06:18 PM,e53gn2ir0sah25lvkwtfqip3,Zhirenzheng,https://portal.incorp.asia/myportal/CRMModule/frmCRMMain?CRM_CompanyId=22530,Corporate Secretary,CRM Module
28/5/2024 6:08:32 PM,e53gn2ir0sah25lvkwtfqip3,Zhirenzheng,https://portal.incorp.asia/myportal/CRMModule/frmCRMMain?CRM_CompanyId=22530,Corporate Secretary,CRM Module
28/5/2024 6:09:07 PM,e53gn2ir0sah25lvkwtfqip3,Zhirenzheng,https://portal.incorp.asia/myportal/CRMModule/frmCRMMain?CRM_CompanyId=9299,Corporate Secretary,CRM Module
28/5/2024 6:09:11 PM,e53gn2ir0sah25lvkwtfqip3,Zhirenzheng,https://portal.incorp.asia/myportal/CRMModule/frmCRMMain?CRM_CompanyId=9299,Corporate Secretary,CRM Module
28/5/2024 6:11:44 PM,e53gn2ir0sah25lvkwtfqip3,Zhirenzheng,https://portal.incorp.asia/myportal/CRMModule/frmCRMMain?CRM_CompanyId=9299,Corporate Secretary,CRM Module
28/5/2024 6:12:45 PM,e53gn2ir0sah25lvkwtfqip3,Zhirenzheng,https://portal.incorp.asia/myportal/CRMModule/frmCRMMain?MailMsg=Mail%20Sent%20Successfully,Corporate Secretary,CRM Module
28/5/2024 6:13:09 PM,e53gn2ir0sah25lvkwtfqip3,Zhirenzheng,https://portal.incorp.asia/myportal/CRMModule/frmCRMMain?MailMsg=Mail+Sent+Successfully,Corporate Secretary,CRM Module
28/5/2024 6:13:10 PM,e53gn2ir0sah25lvkwtfqip3,Zhirenzheng,https://portal.incorp.asia/myportal/CRMModule/frmCRMMain?MailMsg=Mail+Sent+Successfully,Corporate Secretary,CRM Module
28/5/2024 6:13:12 PM,e53gn2ir0sah25lvkwtfqip3,Zhirenzheng,https://portal.incorp.asia/myportal/CRMModule/frmCRMMain?MailMsg=Mail+Sent+Successfully,Corporate Secretary,CRM Module
29/5/2024 3:42:14 PM,uhkyv1mym2hjiuprdubyz1yd,Zhirenzheng,https://portal.incorp.asia/myportal/EmailHelpdesk/frmEhpdDashboardTickets,DashBoard,Dashboard
29/5/2024 3:42:19 PM,uhkyv1mym2hjiuprdubyz1yd,Zhirenzheng,https://portal.incorp.asia/myportal/EmailHelpdesk/frmEhpdDashboardTickets/GetStaffName,DashBoard,Dashboard
29/5/2024 3:42:44 PM,uhkyv1mym2hjiuprdubyz1yd,Zhirenzheng,https://portal.incorp.asia/myportal/CRMModule/frmCRMMain,Corporate Secretary,CRM Module
29/5/2024 3:44:29 PM,uhkyv1mym2hjiuprdubyz1yd,Zhirenzheng,https://portal.incorp.asia/myportal/CRMModule/frmCRMMain,Corporate Secretary,CRM Module
29/5/2024 3:44:30 PM,uhkyv1mym2hjiuprdubyz1yd,Zhirenzheng,https://portal.incorp.asia/myportal/CRMModule/frmCRMMain,Corporate Secretary,CRM Module
29/5/2024 3:44:33 PM,uhkyv1mym2hjiuprdubyz1yd,Zhirenzheng,https://portal.incorp.asia/myportal/CRMModule/frmCRMMain,Corporate Secretary,CRM Module
29/5/2024 3:47:23 PM,uhkyv1mym2hjiuprdubyz1yd,Zhirenzheng,https://portal.incorp.asia/myportal/CRMModule/frmCRMMain,Corporate Secretary,CRM Module
29/5/2024 3:49:35 PM,uhkyv1mym2hjiuprdubyz1yd,Zhirenzheng,https://portal.incorp.asia/myportal/CRMModule/frmCRMMain?MailMsg=Mail%20Sent%20Successfully,Corporate Secretary,CRM Module
29/5/2024 3:49:47 PM,uhkyv1mym2hjiuprdubyz1yd,Zhirenzheng,https://portal.incorp.asia/myportal/CRMModule/frmCRMMain?MailMsg=Mail+Sent+Successfully,Corporate Secretary,CRM Module
29/5/2024 3:49:48 PM,uhkyv1mym2hjiuprdubyz1yd,Zhirenzheng,https://portal.incorp.asia/myportal/CRMModule/frmCRMMain?MailMsg=Mail+Sent+Successfully,Corporate Secretary,CRM Module
29/5/2024 3:49:50 PM,uhkyv1mym2hjiuprdubyz1yd,Zhirenzheng,https://portal.incorp.asia/myportal/CRMModule/frmCRMMain?MailMsg=Mail+Sent+Successfully,Corporate Secretary,CRM Module
29/5/2024 4:15:54 PM,uhkyv1mym2hjiuprdubyz1yd,Zhirenzheng,https://portal.incorp.asia/myportal/CRMModule/frmCRMMain?MailMsg=Mail%20Sent%20Successfully,Corporate Secretary,CRM Module
29/5/2024 4:18:02 PM,uhkyv1mym2hjiuprdubyz1yd,Zhirenzheng,https://portal.incorp.asia/myportal/CRMModule/frmCRMMain?MailMsg=Mail%20Sent%20Successfully,Corporate Secretary,CRM Module
29/5/2024 4:18:34 PM,uhkyv1mym2hjiuprdubyz1yd,Zhirenzheng,https://portal.incorp.asia/myportal/CRMModule/frmCRMMain?MailMsg=Mail+Sent+Successfully,Corporate Secretary,CRM Module
29/5/2024 4:18:36 PM,uhkyv1mym2hjiuprdubyz1yd,Zhirenzheng,https://portal.incorp.asia/myportal/CRMModule/frmCRMMain?MailMsg=Mail+Sent+Successfully,Corporate Secretary,CRM Module
29/5/2024 4:19:53 PM,uhkyv1mym2hjiuprdubyz1yd,Zhirenzheng,https://portal.incorp.asia/myportal/CRMModule/frmCRMMain?MailMsg=Mail+Sent+Successfully,Corporate Secretary,CRM Module
29/5/2024 4:20:40 PM,uhkyv1mym2hjiuprdubyz1yd,Zhirenzheng,https://portal.incorp.asia/myportal/CRMModule/frmCRMMain?CRM_CompanyId=22350,Corporate Secretary,CRM Module
29/5/2024 4:23:59 PM,uhkyv1mym2hjiuprdubyz1yd,Zhirenzheng,https://portal.incorp.asia/myportal/CRMModule/frmCRMMain?CRM_CompanyId=22350,Corporate Secretary,CRM Module
29/5/2024 4:38:07 PM,uhkyv1mym2hjiuprdubyz1yd,Zhirenzheng,https://portal.incorp.asia/myportal/CRMModule/frmCRMMain?CRM_CompanyId=22350,Corporate Secretary,CRM Module
29/5/2024 4:40:23 PM,uhkyv1mym2hjiuprdubyz1yd,Zhirenzheng,https://portal.incorp.asia/myportal/CRMModule/frmCRMMain?MailMsg=Mail%20Sent%20Successfully,Corporate Secretary,CRM Module
29/5/2024 4:46:23 PM,uhkyv1mym2hjiuprdubyz1yd,Zhirenzheng,https://portal.incorp.asia/myportal/CRMModule/frmCRMMain?CRM_CompanyId=22350,Corporate Secretary,CRM Module
29/5/2024 4:46:24 PM,uhkyv1mym2hjiuprdubyz1yd,Zhirenzheng,https://portal.incorp.asia/myportal/CRMModule/frmCRMMain?CRM_CompanyId=22350,Corporate Secretary,CRM Module
29/5/2024 4:46:25 PM,uhkyv1mym2hjiuprdubyz1yd,Zhirenzheng,https://portal.incorp.asia/myportal/CRMModule/frmCRMMain?CRM_CompanyId=22350,Corporate Secretary,CRM Module
29/5/2024 5:01:24 PM,uhkyv1mym2hjiuprdubyz1yd,Zhirenzheng,https://portal.incorp.asia/myportal/CRMModule/frmCRMMain?CRM_CompanyId=22350,Corporate Secretary,CRM Module
29/5/2024 5:02:02 PM,uhkyv1mym2hjiuprdubyz1yd,Zhirenzheng,https://portal.incorp.asia/myportal/CRMModule/frmCRMMain?CRM_CompanyId=28038,Corporate Secretary,CRM Module
29/5/2024 5:02:14 PM,uhkyv1mym2hjiuprdubyz1yd,Zhirenzheng,https://portal.incorp.asia/myportal/CRMModule/frmCRMMain?CRM_CompanyId=28038,Corporate Secretary,CRM Module
29/5/2024 5:02:39 PM,uhkyv1mym2hjiuprdubyz1yd,Zhirenzheng,https://portal.incorp.asia/myportal/CRMModule/frmCRMMain?CRM_CompanyId=28038,Corporate Secretary,CRM Module
29/5/2024 5:03:52 PM,uhkyv1mym2hjiuprdubyz1yd,Zhirenzheng,https://portal.incorp.asia/myportal/CRMModule/frmCRMMain?MailMsg=Mail%20Sent%20Successfully,Corporate Secretary,CRM Module
29/5/2024 5:59:35 PM,uhkyv1mym2hjiuprdubyz1yd,Zhirenzheng,https://portal.incorp.asia/myportal/CRMModule/frmCRMMain?MailMsg=Mail+Sent+Successfully,Corporate Secretary,CRM Module
29/5/2024 5:59:36 PM,uhkyv1mym2hjiuprdubyz1yd,Zhirenzheng,https://portal.incorp.asia/myportal/CRMModule/frmCRMMain?MailMsg=Mail+Sent+Successfully,Corporate Secretary,CRM Module
29/5/2024 5:59:39 PM,uhkyv1mym2hjiuprdubyz1yd,Zhirenzheng,https://portal.incorp.asia/myportal/CRMModule/frmCRMMain?MailMsg=Mail+Sent+Successfully,Corporate Secretary,CRM Module
29/5/2024 5:59:59 PM,uhkyv1mym2hjiuprdubyz1yd,Zhirenzheng,https://portal.incorp.asia/myportal/CRMModule/frmCRMMain?MailMsg=Mail%20Sent%20Successfully,Corporate Secretary,CRM Module
29/5/2024 6:00:30 PM,uhkyv1mym2hjiuprdubyz1yd,Zhirenzheng,https://portal.incorp.asia/myportal/CRMModule/frmCRMMain?MailMsg=Mail%20Sent%20Successfully,Corporate Secretary,CRM Module
29/5/2024 6:00:42 PM,uhkyv1mym2hjiuprdubyz1yd,Zhirenzheng,https://portal.incorp.asia/myportal/CRMModule/frmCRMMain?MailMsg=Mail%20Sent%20Successfully,Corporate Secretary,CRM Module
29/5/2024 6:00:50 PM,uhkyv1mym2hjiuprdubyz1yd,Zhirenzheng,https://portal.incorp.asia/myportal/CRMModule/frmCRMMain,Corporate Secretary,CRM Module
29/5/2024 6:01:20 PM,uhkyv1mym2hjiuprdubyz1yd,Zhirenzheng,https://portal.incorp.asia/myportal/CRMModule/frmCRMMain?CRM_CompanyId=28038,Corporate Secretary,CRM Module
29/5/2024 6:01:22 PM,uhkyv1mym2hjiuprdubyz1yd,Zhirenzheng,https://portal.incorp.asia/myportal/CRMModule/frmCRMMain?CRM_CompanyId=28038,Corporate Secretary,CRM Module
29/5/2024 6:01:39 PM,uhkyv1mym2hjiuprdubyz1yd,Zhirenzheng,https://portal.incorp.asia/myportal/CRMModule/frmCRMMain?CRM_CompanyId=28038,Corporate Secretary,CRM Module
29/5/2024 6:01:45 PM,uhkyv1mym2hjiuprdubyz1yd,Zhirenzheng,https://portal.incorp.asia/myportal/CRMModule/frmCRMMain?CRM_CompanyId=28038,Corporate Secretary,CRM Module
29/5/2024 6:01:45 PM,uhkyv1mym2hjiuprdubyz1yd,Zhirenzheng,https://portal.incorp.asia/myportal/CRMModule/frmCRMMain?CRM_CompanyId=28038,Corporate Secretary,CRM Module
30/5/2024 6:44:11 PM,tzv35knosfizhssxlkvpsgvq,Zhirenzheng,https://portal.incorp.asia/myportal/EmailHelpdesk/frmEhpdDashboardTickets,DashBoard,Dashboard
30/5/2024 6:44:16 PM,tzv35knosfizhssxlkvpsgvq,Zhirenzheng,https://portal.incorp.asia/myportal/EmailHelpdesk/frmEhpdDashboardTickets/GetStaffName,DashBoard,Dashboard
30/5/2024 6:45:18 PM,tzv35knosfizhssxlkvpsgvq,Zhirenzheng,https://portal.incorp.asia/myportal/EmailHelpdesk/frmEhpdDashboardTickets,DashBoard,Dashboard
30/5/2024 6:45:34 PM,tzv35knosfizhssxlkvpsgvq,Zhirenzheng,https://portal.incorp.asia/myportal/EmailHelpdesk/frmEhpdDashboardTickets,DashBoard,Dashboard
30/5/2024 6:46:13 PM,tzv35knosfizhssxlkvpsgvq,Zhirenzheng,https://portal.incorp.asia/myportal/CRMModule/frmCRMMain,Corporate Secretary,CRM Module
30/5/2024 6:46:19 PM,tzv35knosfizhssxlkvpsgvq,Zhirenzheng,https://portal.incorp.asia/myportal/MYOB/frmMyobSalesRegister,Accounting Module,Sales Invoice
30/5/2024 6:46:25 PM,tzv35knosfizhssxlkvpsgvq,Zhirenzheng,https://portal.incorp.asia/myportal/MYOB/frmMyobSalesRegister,Accounting Module,Sales Invoice
30/5/2024 6:46:55 PM,tzv35knosfizhssxlkvpsgvq,Zhirenzheng,https://portal.incorp.asia/myportal/MYOB/frmMYOBSaleOrderRegister?sales_type=3&ScreenId=1,Accounting Module,Sales Order
30/5/2024 6:47:05 PM,tzv35knosfizhssxlkvpsgvq,Zhirenzheng,https://portal.incorp.asia/myportal/MYOB/frmMYOBSaleOrderRegister?sales_type=3&ScreenId=1,Accounting Module,Sales Order
4/6/2024 3:23:23 PM,wefeii4mjfejgz44brzws4xo,Zhirenzheng,https://portal.incorp.asia/myportal/EmailHelpdesk/frmEhpdDashboardTickets,DashBoard,Dashboard
4/6/2024 3:25:21 PM,wefeii4mjfejgz44brzws4xo,Zhirenzheng,https://portal.incorp.asia/myportal/EmailHelpdesk/frmEhpdDashboardTickets,DashBoard,Dashboard
4/6/2024 3:25:29 PM,wefeii4mjfejgz44brzws4xo,Zhirenzheng,https://portal.incorp.asia/myportal/EmailHelpdesk/frmEhpdDashboardTickets/GetStaffName,DashBoard,Dashboard
4/6/2024 5:38:52 PM,25u3ookvg5ulfau4zvx3fyh4,Zhirenzheng,https://portal.incorp.asia/myportal/EmailHelpdesk/frmEhpdDashboardTickets,DashBoard,Dashboard
4/6/2024 5:38:58 PM,25u3ookvg5ulfau4zvx3fyh4,Zhirenzheng,https://portal.incorp.asia/myportal/EmailHelpdesk/frmEhpdDashboardTickets/GetStaffName,DashBoard,Dashboard
4/6/2024 5:44:35 PM,25u3ookvg5ulfau4zvx3fyh4,Zhirenzheng,https://portal.incorp.asia/myportal/EmailHelpdesk/frmEhpdDashboardTickets,DashBoard,Dashboard
4/6/2024 5:44:41 PM,25u3ookvg5ulfau4zvx3fyh4,Zhirenzheng,https://portal.incorp.asia/myportal/EmailHelpdesk/frmEhpdDashboardTickets/GetStaffName,DashBoard,Dashboard
7/6/2024 8:45:15 AM,z02baogzlfdxoyinz0l10a05,Zhirenzheng,https://portal.incorp.asia/myportal/EmailHelpdesk/frmEhpdDashboardTickets,DashBoard,Dashboard
7/6/2024 8:45:47 AM,z02baogzlfdxoyinz0l10a05,Zhirenzheng,https://portal.incorp.asia/myportal/EmailHelpdesk/frmEhpdDashboardTickets/GetStaffName,DashBoard,Dashboard
7/6/2024 8:48:31 AM,z02baogzlfdxoyinz0l10a05,Zhirenzheng,https://portal.incorp.asia/myportal/CRMModule/frmCRMMain,Corporate Secretary,CRM Module
7/6/2024 8:50:17 AM,z02baogzlfdxoyinz0l10a05,Zhirenzheng,https://portal.incorp.asia/myportal/CRMModule/frmCRMMain,Corporate Secretary,CRM Module
7/6/2024 8:50:19 AM,z02baogzlfdxoyinz0l10a05,Zhirenzheng,https://portal.incorp.asia/myportal/CRMModule/frmCRMMain,Corporate Secretary,CRM Module
7/6/2024 8:50:20 AM,z02baogzlfdxoyinz0l10a05,Zhirenzheng,https://portal.incorp.asia/myportal/CRMModule/frmCRMMain,Corporate Secretary,CRM Module
7/6/2024 8:50:46 AM,z02baogzlfdxoyinz0l10a05,Zhirenzheng,https://portal.incorp.asia/myportal/CRMModule/frmCRMMain,Corporate Secretary,CRM Module
7/6/2024 8:51:55 AM,z02baogzlfdxoyinz0l10a05,Zhirenzheng,https://portal.incorp.asia/myportal/CRMModule/frmCRMMain?CRM_CompanyId=40585,Corporate Secretary,CRM Module
7/6/2024 8:52:46 AM,z02baogzlfdxoyinz0l10a05,Zhirenzheng,https://portal.incorp.asia/myportal/CRMModule/frmCRMMain?CRM_CompanyId=40585,Corporate Secretary,CRM Module
7/6/2024 8:53:15 AM,z02baogzlfdxoyinz0l10a05,Zhirenzheng,https://portal.incorp.asia/myportal/MYOB/frmMYOBRefundAdjustmentRegister,Accounting Module,Credit Note
7/6/2024 8:53:17 AM,z02baogzlfdxoyinz0l10a05,Zhirenzheng,https://portal.incorp.asia/myportal/MYOB/frmMYOBRefundAdjustmentRegister,Accounting Module,Credit Note
7/6/2024 8:53:20 AM,z02baogzlfdxoyinz0l10a05,Zhirenzheng,https://portal.incorp.asia/myportal/MYOB/frmMYOBRefundAdjustmentRegister,Accounting Module,Credit Note
7/6/2024 8:53:22 AM,z02baogzlfdxoyinz0l10a05,Zhirenzheng,https://portal.incorp.asia/myportal/MYOB/frmMYOBRefundAdjustmentRegister,Accounting Module,Credit Note
7/6/2024 8:53:33 AM,z02baogzlfdxoyinz0l10a05,Zhirenzheng,https://portal.incorp.asia/myportal/MYOB/frmMYOBRefundAdjustmentRegister,Accounting Module,Credit Note
7/6/2024 8:54:01 AM,z02baogzlfdxoyinz0l10a05,Zhirenzheng,https://portal.incorp.asia/myportal/MYOB/frmMYOBRefundAdjustmentRegister,Accounting Module,Credit Note
7/6/2024 8:55:47 AM,z02baogzlfdxoyinz0l10a05,Zhirenzheng,https://portal.incorp.asia/myportal/MYOB/frmMYOBRefundAdjustmentRegister,Accounting Module,Credit Note
10/6/2024 4:15:38 PM,zuqpmklsceiukzph12zxbfgs,Zhirenzheng,https://portal.incorp.asia/myportal/EmailHelpdesk/frmEhpdDashboardTickets,DashBoard,Dashboard
10/6/2024 4:15:43 PM,zuqpmklsceiukzph12zxbfgs,Zhirenzheng,https://portal.incorp.asia/myportal/EmailHelpdesk/frmEhpdDashboardTickets/GetStaffName,DashBoard,Dashboard
10/6/2024 4:16:43 PM,zuqpmklsceiukzph12zxbfgs,Zhirenzheng,https://portal.incorp.asia/myportal/EmailHelpdesk/frmEhpdDashboardTickets,DashBoard,Dashboard
10/6/2024 4:18:04 PM,zuqpmklsceiukzph12zxbfgs,Zhirenzheng,https://portal.incorp.asia/myportal/EmailHelpdesk/frmEhpdDashboardTickets,DashBoard,Dashboard
10/6/2024 4:18:09 PM,zuqpmklsceiukzph12zxbfgs,Zhirenzheng,https://portal.incorp.asia/myportal/EmailHelpdesk/frmEhpdDashboardTickets/GetStaffName,DashBoard,Dashboard
10/6/2024 4:39:29 PM,zuqpmklsceiukzph12zxbfgs,Zhirenzheng,https://portal.incorp.asia/myportal/EmailHelpdesk/frmEhpdDashboardTickets,DashBoard,Dashboard
10/6/2024 4:39:33 PM,zuqpmklsceiukzph12zxbfgs,Zhirenzheng,https://portal.incorp.asia/myportal/EmailHelpdesk/frmEhpdDashboardTickets,DashBoard,Dashboard
10/6/2024 4:39:38 PM,zuqpmklsceiukzph12zxbfgs,Zhirenzheng,https://portal.incorp.asia/myportal/CRMModule/frmCRMMain,Corporate Secretary,CRM Module
10/6/2024 4:39:41 PM,zuqpmklsceiukzph12zxbfgs,Zhirenzheng,https://portal.incorp.asia/myportal/CRMModule/frmCRMMain,Corporate Secretary,CRM Module
10/6/2024 4:39:42 PM,zuqpmklsceiukzph12zxbfgs,Zhirenzheng,https://portal.incorp.asia/myportal/CRMModule/frmCRMMain,Corporate Secretary,CRM Module
10/6/2024 4:39:43 PM,zuqpmklsceiukzph12zxbfgs,Zhirenzheng,https://portal.incorp.asia/myportal/CRMModule/frmCRMMain,Corporate Secretary,CRM Module
10/6/2024 4:43:45 PM,rmyrbf3dxabl4jkuxucv0gqa,Zhirenzheng,https://portal.incorp.asia/myportal/EmailHelpdesk/frmEhpdDashboardTickets,DashBoard,Dashboard
10/6/2024 4:43:51 PM,rmyrbf3dxabl4jkuxucv0gqa,Zhirenzheng,https://portal.incorp.asia/myportal/EmailHelpdesk/frmEhpdDashboardTickets/GetStaffName,DashBoard,Dashboard
10/6/2024 4:46:18 PM,rmyrbf3dxabl4jkuxucv0gqa,Zhirenzheng,https://portal.incorp.asia/myportal/CRMModule/frmCRMMain,Corporate Secretary,CRM Module
10/6/2024 4:49:01 PM,rmyrbf3dxabl4jkuxucv0gqa,Zhirenzheng,https://portal.incorp.asia/myportal/CRMModule/frmCRMMain,Corporate Secretary,CRM Module
10/6/2024 4:49:03 PM,rmyrbf3dxabl4jkuxucv0gqa,Zhirenzheng,https://portal.incorp.asia/myportal/CRMModule/frmCRMMain,Corporate Secretary,CRM Module
10/6/2024 4:49:06 PM,rmyrbf3dxabl4jkuxucv0gqa,Zhirenzheng,https://portal.incorp.asia/myportal/CRMModule/frmCRMMain,Corporate Secretary,CRM Module
10/6/2024 4:52:25 PM,rmyrbf3dxabl4jkuxucv0gqa,Zhirenzheng,https://portal.incorp.asia/myportal/CRMModule/frmCRMMain,Corporate Secretary,CRM Module
10/6/2024 4:54:35 PM,rmyrbf3dxabl4jkuxucv0gqa,Zhirenzheng,https://portal.incorp.asia/myportal/CRMModule/frmCRMMain?CRM_CompanyId=19791,Corporate Secretary,CRM Module
10/6/2024 5:01:15 PM,rmyrbf3dxabl4jkuxucv0gqa,Zhirenzheng,https://portal.incorp.asia/myportal/CRMModule/frmCRMMain?CRM_CompanyId=19791,Corporate Secretary,CRM Module
11/6/2024 2:52:44 PM,uz0siffgm5l3455g1y3gaf4k,Zhirenzheng,https://portal.incorp.asia/myportal/EmailHelpdesk/frmEhpdDashboardTickets,DashBoard,Dashboard
11/6/2024 2:52:50 PM,uz0siffgm5l3455g1y3gaf4k,Zhirenzheng,https://portal.incorp.asia/myportal/EmailHelpdesk/frmEhpdDashboardTickets/GetStaffName,DashBoard,Dashboard
11/6/2024 2:56:10 PM,uz0siffgm5l3455g1y3gaf4k,Zhirenzheng,https://portal.incorp.asia/myportal/CRMModule/frmCRMMain,Corporate Secretary,CRM Module
11/6/2024 2:56:15 PM,uz0siffgm5l3455g1y3gaf4k,Zhirenzheng,https://portal.incorp.asia/myportal/CRMModule/frmCRMMain,Corporate Secretary,CRM Module
11/6/2024 2:56:17 PM,uz0siffgm5l3455g1y3gaf4k,Zhirenzheng,https://portal.incorp.asia/myportal/CRMModule/frmCRMMain,Corporate Secretary,CRM Module
11/6/2024 2:56:20 PM,uz0siffgm5l3455g1y3gaf4k,Zhirenzheng,https://portal.incorp.asia/myportal/CRMModule/frmCRMMain,Corporate Secretary,CRM Module
11/6/2024 2:57:04 PM,uz0siffgm5l3455g1y3gaf4k,Zhirenzheng,https://portal.incorp.asia/myportal/MYOB/frmMYOBSaleOrderRegister?sales_type=3&ScreenId=1,Accounting Module,Sales Order
11/6/2024 2:57:24 PM,uz0siffgm5l3455g1y3gaf4k,Zhirenzheng,https://portal.incorp.asia/myportal/MYOB/frmMYOBSaleOrderRegister?sales_type=3&ScreenId=1,Accounting Module,Sales Order
11/6/2024 3:09:27 PM,uz0siffgm5l3455g1y3gaf4k,Zhirenzheng,https://portal.incorp.asia/myportal/CRMModule/frmCRMMain,Corporate Secretary,CRM Module
11/6/2024 3:09:37 PM,uz0siffgm5l3455g1y3gaf4k,Zhirenzheng,https://portal.incorp.asia/myportal/CRMModule/frmCRMMain,Corporate Secretary,CRM Module
11/6/2024 3:09:38 PM,uz0siffgm5l3455g1y3gaf4k,Zhirenzheng,https://portal.incorp.asia/myportal/CRMModule/frmCRMMain,Corporate Secretary,CRM Module
11/6/2024 3:09:39 PM,uz0siffgm5l3455g1y3gaf4k,Zhirenzheng,https://portal.incorp.asia/myportal/CRMModule/frmCRMMain,Corporate Secretary,CRM Module
11/6/2024 3:10:17 PM,uz0siffgm5l3455g1y3gaf4k,Zhirenzheng,https://portal.incorp.asia/myportal/CRMModule/frmCRMMain,Corporate Secretary,CRM Module
11/6/2024 3:22:33 PM,uz0siffgm5l3455g1y3gaf4k,Zhirenzheng,https://portal.incorp.asia/myportal/CRMModule/frmCRMMain,Corporate Secretary,CRM Module
11/6/2024 3:22:36 PM,uz0siffgm5l3455g1y3gaf4k,Zhirenzheng,https://portal.incorp.asia/myportal/CRMModule/frmCRMMain,Corporate Secretary,CRM Module
11/6/2024 3:22:37 PM,uz0siffgm5l3455g1y3gaf4k,Zhirenzheng,https://portal.incorp.asia/myportal/CRMModule/frmCRMMain,Corporate Secretary,CRM Module
11/6/2024 3:22:38 PM,uz0siffgm5l3455g1y3gaf4k,Zhirenzheng,https://portal.incorp.asia/myportal/CRMModule/frmCRMMain,Corporate Secretary,CRM Module
11/6/2024 3:27:45 PM,uz0siffgm5l3455g1y3gaf4k,Zhirenzheng,https://portal.incorp.asia/myportal/CRMModule/frmCRMMain,Corporate Secretary,CRM Module
11/6/2024 3:29:23 PM,uz0siffgm5l3455g1y3gaf4k,Zhirenzheng,https://portal.incorp.asia/myportal/CRMModule/frmCRMMain,Corporate Secretary,CRM Module
12/6/2024 1:39:43 PM,5gjrm4ccxtfqydxavqbzmoms,Zhirenzheng,https://portal.incorp.asia/myportal/EmailHelpdesk/frmEhpdDashboardTickets,DashBoard,Dashboard
12/6/2024 1:39:49 PM,5gjrm4ccxtfqydxavqbzmoms,Zhirenzheng,https://portal.incorp.asia/myportal/EmailHelpdesk/frmEhpdDashboardTickets/GetStaffName,DashBoard,Dashboard
12/6/2024 2:57:39 PM,5gjrm4ccxtfqydxavqbzmoms,Zhirenzheng,https://portal.incorp.asia/myportal/EmailHelpdesk/frmEhpdDashboardTickets,DashBoard,Dashboard
12/6/2024 2:57:46 PM,5gjrm4ccxtfqydxavqbzmoms,Zhirenzheng,https://portal.incorp.asia/myportal/EmailHelpdesk/frmEhpdDashboardTickets/GetStaffName,DashBoard,Dashboard
12/6/2024 3:33:13 PM,yqbyhf5zqmsa2cmwfi2nuwug,Zhirenzheng,https://portal.incorp.asia/myportal/EmailHelpdesk/frmEhpdDashboardTickets,DashBoard,Dashboard
12/6/2024 3:33:19 PM,yqbyhf5zqmsa2cmwfi2nuwug,Zhirenzheng,https://portal.incorp.asia/myportal/EmailHelpdesk/frmEhpdDashboardTickets/GetStaffName,DashBoard,Dashboard
12/6/2024 3:33:27 PM,yqbyhf5zqmsa2cmwfi2nuwug,Zhirenzheng,https://portal.incorp.asia/myportal/CRMModule/frmCRMMain,Corporate Secretary,CRM Module
12/6/2024 3:35:23 PM,yqbyhf5zqmsa2cmwfi2nuwug,Zhirenzheng,https://portal.incorp.asia/myportal/CRMModule/frmCRMMain,Corporate Secretary,CRM Module
12/6/2024 3:35:26 PM,yqbyhf5zqmsa2cmwfi2nuwug,Zhirenzheng,https://portal.incorp.asia/myportal/CRMModule/frmCRMMain,Corporate Secretary,CRM Module
12/6/2024 3:35:28 PM,yqbyhf5zqmsa2cmwfi2nuwug,Zhirenzheng,https://portal.incorp.asia/myportal/CRMModule/frmCRMMain,Corporate Secretary,CRM Module
12/6/2024 3:35:46 PM,yqbyhf5zqmsa2cmwfi2nuwug,Zhirenzheng,https://portal.incorp.asia/myportal/CRMModule/frmCRMMain,Corporate Secretary,CRM Module
12/6/2024 3:35:47 PM,yqbyhf5zqmsa2cmwfi2nuwug,Zhirenzheng,https://portal.incorp.asia/myportal/CRMModule/frmCRMMain,Corporate Secretary,CRM Module
12/6/2024 3:35:49 PM,yqbyhf5zqmsa2cmwfi2nuwug,Zhirenzheng,https://portal.incorp.asia/myportal/CRMModule/frmCRMMain,Corporate Secretary,CRM Module
12/6/2024 3:36:00 PM,yqbyhf5zqmsa2cmwfi2nuwug,Zhirenzheng,https://portal.incorp.asia/myportal/CRMModule/frmCRMMain,Corporate Secretary,CRM Module
12/6/2024 3:38:06 PM,yqbyhf5zqmsa2cmwfi2nuwug,Zhirenzheng,https://portal.incorp.asia/myportal/CRMModule/frmCRMMain,Corporate Secretary,CRM Module
12/6/2024 3:38:43 PM,yqbyhf5zqmsa2cmwfi2nuwug,Zhirenzheng,https://portal.incorp.asia/myportal/CRMModule/frmCRMMain?CRM_CompanyId=21933,Corporate Secretary,CRM Module
12/6/2024 3:38:49 PM,yqbyhf5zqmsa2cmwfi2nuwug,Zhirenzheng,https://portal.incorp.asia/myportal/CRMModule/frmCRMMain?CRM_CompanyId=21933,Corporate Secretary,CRM Module
12/6/2024 3:39:49 PM,yqbyhf5zqmsa2cmwfi2nuwug,Zhirenzheng,https://portal.incorp.asia/myportal/CRMModule/frmCRMMain?CRM_CompanyId=21933,Corporate Secretary,CRM Module
12/6/2024 3:39:51 PM,yqbyhf5zqmsa2cmwfi2nuwug,Zhirenzheng,https://portal.incorp.asia/myportal/CRMModule/frmCRMMain?CRM_CompanyId=21933,Corporate Secretary,CRM Module
12/6/2024 3:39:54 PM,yqbyhf5zqmsa2cmwfi2nuwug,Zhirenzheng,https://portal.incorp.asia/myportal/CRMModule/frmCRMMain?CRM_CompanyId=21933,Corporate Secretary,CRM Module
12/6/2024 3:40:04 PM,yqbyhf5zqmsa2cmwfi2nuwug,Zhirenzheng,https://portal.incorp.asia/myportal/CRMModule/frmCRMMain?CRM_CompanyId=21933,Corporate Secretary,CRM Module
12/6/2024 3:40:39 PM,yqbyhf5zqmsa2cmwfi2nuwug,Zhirenzheng,https://portal.incorp.asia/myportal/CRMModule/frmCRMMain?CRM_CompanyId=24250,Corporate Secretary,CRM Module
12/6/2024 3:40:51 PM,yqbyhf5zqmsa2cmwfi2nuwug,Zhirenzheng,https://portal.incorp.asia/myportal/CRMModule/frmCRMMain?CRM_CompanyId=24250,Corporate Secretary,CRM Module
12/6/2024 3:41:57 PM,yqbyhf5zqmsa2cmwfi2nuwug,Zhirenzheng,https://portal.incorp.asia/myportal/CRMModule/frmCRMMain?CRM_CompanyId=24250,Corporate Secretary,CRM Module
12/6/2024 3:41:58 PM,yqbyhf5zqmsa2cmwfi2nuwug,Zhirenzheng,https://portal.incorp.asia/myportal/CRMModule/frmCRMMain?CRM_CompanyId=24250,Corporate Secretary,CRM Module
12/6/2024 3:41:59 PM,yqbyhf5zqmsa2cmwfi2nuwug,Zhirenzheng,https://portal.incorp.asia/myportal/CRMModule/frmCRMMain?CRM_CompanyId=24250,Corporate Secretary,CRM Module
12/6/2024 3:42:01 PM,yqbyhf5zqmsa2cmwfi2nuwug,Zhirenzheng,https://portal.incorp.asia/myportal/CRMModule/frmCRMMain?CRM_CompanyId=24250,Corporate Secretary,CRM Module
12/6/2024 3:42:05 PM,yqbyhf5zqmsa2cmwfi2nuwug,Zhirenzheng,https://portal.incorp.asia/myportal/CRMModule/frmCRMMain?CRM_CompanyId=24250,Corporate Secretary,CRM Module
12/6/2024 3:42:17 PM,yqbyhf5zqmsa2cmwfi2nuwug,Zhirenzheng,https://portal.incorp.asia/myportal/CRMModule/frmCRMMain?CRM_CompanyId=24250,Corporate Secretary,CRM Module
12/6/2024 3:42:38 PM,yqbyhf5zqmsa2cmwfi2nuwug,Zhirenzheng,https://portal.incorp.asia/myportal/CRMModule/frmCRMMain?CRM_CompanyId=29678,Corporate Secretary,CRM Module
12/6/2024 3:42:42 PM,yqbyhf5zqmsa2cmwfi2nuwug,Zhirenzheng,https://portal.incorp.asia/myportal/CRMModule/frmCRMMain?CRM_CompanyId=29678,Corporate Secretary,CRM Module
12/6/2024 3:43:06 PM,yqbyhf5zqmsa2cmwfi2nuwug,Zhirenzheng,https://portal.incorp.asia/myportal/CRMModule/frmCRMMain?CRM_CompanyId=29678,Corporate Secretary,CRM Module
12/6/2024 3:43:08 PM,yqbyhf5zqmsa2cmwfi2nuwug,Zhirenzheng,https://portal.incorp.asia/myportal/CRMModule/frmCRMMain?CRM_CompanyId=29678,Corporate Secretary,CRM Module
12/6/2024 3:43:09 PM,yqbyhf5zqmsa2cmwfi2nuwug,Zhirenzheng,https://portal.incorp.asia/myportal/CRMModule/frmCRMMain?CRM_CompanyId=29678,Corporate Secretary,CRM Module
12/6/2024 3:43:52 PM,yqbyhf5zqmsa2cmwfi2nuwug,Zhirenzheng,https://portal.incorp.asia/myportal/CRMModule/frmCRMMain?CRM_CompanyId=29678,Corporate Secretary,CRM Module
12/6/2024 3:43:56 PM,yqbyhf5zqmsa2cmwfi2nuwug,Zhirenzheng,https://portal.incorp.asia/myportal/CRMModule/frmCRMMain?CRM_CompanyId=29678,Corporate Secretary,CRM Module
12/6/2024 3:44:02 PM,yqbyhf5zqmsa2cmwfi2nuwug,Zhirenzheng,https://portal.incorp.asia/myportal/CRMModule/frmCRMMain?CRM_CompanyId=30159,Corporate Secretary,CRM Module
12/6/2024 3:44:10 PM,yqbyhf5zqmsa2cmwfi2nuwug,Zhirenzheng,https://portal.incorp.asia/myportal/CRMModule/frmCRMMain?CRM_CompanyId=30159,Corporate Secretary,CRM Module
12/6/2024 3:44:41 PM,yqbyhf5zqmsa2cmwfi2nuwug,Zhirenzheng,https://portal.incorp.asia/myportal/CRMModule/frmCRMMain?CRM_CompanyId=30159,Corporate Secretary,CRM Module
12/6/2024 3:44:54 PM,yqbyhf5zqmsa2cmwfi2nuwug,Zhirenzheng,https://portal.incorp.asia/myportal/CRMModule/frmCRMMain?CRM_CompanyId=30159,Corporate Secretary,CRM Module
12/6/2024 3:45:16 PM,yqbyhf5zqmsa2cmwfi2nuwug,Zhirenzheng,https://portal.incorp.asia/myportal/CRMModule/frmCRMMain?CRM_CompanyId=30159,Corporate Secretary,CRM Module
12/6/2024 3:45:17 PM,yqbyhf5zqmsa2cmwfi2nuwug,Zhirenzheng,https://portal.incorp.asia/myportal/CRMModule/frmCRMMain?CRM_CompanyId=30159,Corporate Secretary,CRM Module
12/6/2024 3:45:18 PM,yqbyhf5zqmsa2cmwfi2nuwug,Zhirenzheng,https://portal.incorp.asia/myportal/CRMModule/frmCRMMain?CRM_CompanyId=30159,Corporate Secretary,CRM Module
12/6/2024 3:45:19 PM,yqbyhf5zqmsa2cmwfi2nuwug,Zhirenzheng,https://portal.incorp.asia/myportal/CRMModule/frmCRMMain?CRM_CompanyId=30159,Corporate Secretary,CRM Module
12/6/2024 3:45:27 PM,yqbyhf5zqmsa2cmwfi2nuwug,Zhirenzheng,https://portal.incorp.asia/myportal/CRMModule/frmCRMMain?CRM_CompanyId=30159,Corporate Secretary,CRM Module
12/6/2024 3:45:58 PM,yqbyhf5zqmsa2cmwfi2nuwug,Zhirenzheng,https://portal.incorp.asia/myportal/CRMModule/frmCRMMain?CRM_CompanyId=32419,Corporate Secretary,CRM Module
12/6/2024 3:46:04 PM,yqbyhf5zqmsa2cmwfi2nuwug,Zhirenzheng,https://portal.incorp.asia/myportal/CRMModule/frmCRMMain?CRM_CompanyId=32419,Corporate Secretary,CRM Module
12/6/2024 3:46:54 PM,yqbyhf5zqmsa2cmwfi2nuwug,Zhirenzheng,https://portal.incorp.asia/myportal/CRMModule/frmCRMMain?CRM_CompanyId=32419,Corporate Secretary,CRM Module
12/6/2024 3:46:57 PM,yqbyhf5zqmsa2cmwfi2nuwug,Zhirenzheng,https://portal.incorp.asia/myportal/CRMModule/frmCRMMain?CRM_CompanyId=32419,Corporate Secretary,CRM Module
12/6/2024 3:46:57 PM,yqbyhf5zqmsa2cmwfi2nuwug,Zhirenzheng,https://portal.incorp.asia/myportal/CRMModule/frmCRMMain?CRM_CompanyId=32419,Corporate Secretary,CRM Module
12/6/2024 3:47:04 PM,yqbyhf5zqmsa2cmwfi2nuwug,Zhirenzheng,https://portal.incorp.asia/myportal/CRMModule/frmCRMMain?CRM_CompanyId=32419,Corporate Secretary,CRM Module
12/6/2024 3:50:03 PM,yqbyhf5zqmsa2cmwfi2nuwug,Zhirenzheng,https://portal.incorp.asia/myportal/CRMModule/frmCRMMain?CRM_CompanyId=32419,Corporate Secretary,CRM Module
12/6/2024 3:51:22 PM,yqbyhf5zqmsa2cmwfi2nuwug,Zhirenzheng,https://portal.incorp.asia/myportal/CRMModule/frmCRMMain?CRM_CompanyId=32419,Corporate Secretary,CRM Module
12/6/2024 3:51:26 PM,yqbyhf5zqmsa2cmwfi2nuwug,Zhirenzheng,https://portal.incorp.asia/myportal/CRMModule/frmCRMMain?CRM_CompanyId=13235,Corporate Secretary,CRM Module
12/6/2024 3:51:31 PM,yqbyhf5zqmsa2cmwfi2nuwug,Zhirenzheng,https://portal.incorp.asia/myportal/CRMModule/frmCRMMain?CRM_CompanyId=13235,Corporate Secretary,CRM Module
12/6/2024 3:52:41 PM,yqbyhf5zqmsa2cmwfi2nuwug,Zhirenzheng,https://portal.incorp.asia/myportal/CRMModule/frmCRMMain?CRM_CompanyId=13235,Corporate Secretary,CRM Module
12/6/2024 3:52:48 PM,yqbyhf5zqmsa2cmwfi2nuwug,Zhirenzheng,https://portal.incorp.asia/myportal/CRMModule/frmCRMMain?CRM_CompanyId=13235,Corporate Secretary,CRM Module
12/6/2024 3:53:18 PM,yqbyhf5zqmsa2cmwfi2nuwug,Zhirenzheng,https://portal.incorp.asia/myportal/CRMModule/frmCRMMain?CRM_CompanyId=13235,Corporate Secretary,CRM Module
12/6/2024 3:53:20 PM,yqbyhf5zqmsa2cmwfi2nuwug,Zhirenzheng,https://portal.incorp.asia/myportal/CRMModule/frmCRMMain?CRM_CompanyId=13235,Corporate Secretary,CRM Module
12/6/2024 3:53:22 PM,yqbyhf5zqmsa2cmwfi2nuwug,Zhirenzheng,https://portal.incorp.asia/myportal/CRMModule/frmCRMMain?CRM_CompanyId=13235,Corporate Secretary,CRM Module
12/6/2024 3:53:39 PM,yqbyhf5zqmsa2cmwfi2nuwug,Zhirenzheng,https://portal.incorp.asia/myportal/CRMModule/frmCRMMain?CRM_CompanyId=13235,Corporate Secretary,CRM Module
12/6/2024 3:54:04 PM,yqbyhf5zqmsa2cmwfi2nuwug,Zhirenzheng,https://portal.incorp.asia/myportal/CRMModule/frmCRMMain?CRM_CompanyId=35989,Corporate Secretary,CRM Module
12/6/2024 3:54:12 PM,yqbyhf5zqmsa2cmwfi2nuwug,Zhirenzheng,https://portal.incorp.asia/myportal/CRMModule/frmCRMMain?CRM_CompanyId=35989,Corporate Secretary,CRM Module
12/6/2024 3:55:40 PM,yqbyhf5zqmsa2cmwfi2nuwug,Zhirenzheng,https://portal.incorp.asia/myportal/CRMModule/frmCRMMain?CRM_CompanyId=35989,Corporate Secretary,CRM Module
12/6/2024 3:55:45 PM,yqbyhf5zqmsa2cmwfi2nuwug,Zhirenzheng,https://portal.incorp.asia/myportal/CRMModule/frmCRMMain?CRM_CompanyId=35989,Corporate Secretary,CRM Module
12/6/2024 3:55:57 PM,yqbyhf5zqmsa2cmwfi2nuwug,Zhirenzheng,https://portal.incorp.asia/myportal/CRMModule/frmCRMMain?CRM_CompanyId=35989,Corporate Secretary,CRM Module
12/6/2024 3:55:58 PM,yqbyhf5zqmsa2cmwfi2nuwug,Zhirenzheng,https://portal.incorp.asia/myportal/CRMModule/frmCRMMain?CRM_CompanyId=35989,Corporate Secretary,CRM Module
12/6/2024 3:57:23 PM,yqbyhf5zqmsa2cmwfi2nuwug,Zhirenzheng,https://portal.incorp.asia/myportal/CRMModule/frmCRMMain?CRM_CompanyId=35989,Corporate Secretary,CRM Module
12/6/2024 3:57:54 PM,yqbyhf5zqmsa2cmwfi2nuwug,Zhirenzheng,https://portal.incorp.asia/myportal/CRMModule/frmCRMMain?CRM_CompanyId=41568,Corporate Secretary,CRM Module
12/6/2024 3:58:00 PM,yqbyhf5zqmsa2cmwfi2nuwug,Zhirenzheng,https://portal.incorp.asia/myportal/CRMModule/frmCRMMain?CRM_CompanyId=41568,Corporate Secretary,CRM Module
12/6/2024 5:11:15 PM,yqbyhf5zqmsa2cmwfi2nuwug,Zhirenzheng,https://portal.incorp.asia/myportal/CRMModule/frmCRMMain?CRM_CompanyId=41568,Corporate Secretary,CRM Module
12/6/2024 5:11:28 PM,yqbyhf5zqmsa2cmwfi2nuwug,Zhirenzheng,https://portal.incorp.asia/myportal/MYOB/frmMyobSalesRegister,Accounting Module,Sales Invoice
12/6/2024 5:11:50 PM,yqbyhf5zqmsa2cmwfi2nuwug,Zhirenzheng,https://portal.incorp.asia/myportal/MYOB/frmMyobSalesRegister,Accounting Module,Sales Invoice
12/6/2024 5:11:53 PM,yqbyhf5zqmsa2cmwfi2nuwug,Zhirenzheng,https://portal.incorp.asia/myportal/MYOB/frmMyobSalesRegister,Accounting Module,Sales Invoice
12/6/2024 5:11:55 PM,yqbyhf5zqmsa2cmwfi2nuwug,Zhirenzheng,https://portal.incorp.asia/myportal/MYOB/frmMyobSalesRegister,Accounting Module,Sales Invoice
12/6/2024 5:11:57 PM,yqbyhf5zqmsa2cmwfi2nuwug,Zhirenzheng,https://portal.incorp.asia/myportal/MYOB/frmMyobSalesRegister,Accounting Module,Sales Invoice
12/6/2024 5:12:11 PM,yqbyhf5zqmsa2cmwfi2nuwug,Zhirenzheng,https://portal.incorp.asia/myportal/MYOB/frmMyobSalesRegister,Accounting Module,Sales Invoice
12/6/2024 5:12:17 PM,yqbyhf5zqmsa2cmwfi2nuwug,Zhirenzheng,https://portal.incorp.asia/myportal/MYOB/frmMyobSalesRegister,Accounting Module,Sales Invoice
13/6/2024 12:28:01 PM,zfz1qwunlcm45r2czmpfhque,Zhirenzheng,https://portal.incorp.asia/myportal/EmailHelpdesk/frmEhpdDashboardTickets,DashBoard,Dashboard
13/6/2024 12:28:06 PM,zfz1qwunlcm45r2czmpfhque,Zhirenzheng,https://portal.incorp.asia/myportal/CRMModule/frmCRMMain,Corporate Secretary,CRM Module
13/6/2024 12:28:23 PM,zfz1qwunlcm45r2czmpfhque,Zhirenzheng,https://portal.incorp.asia/myportal/CRMModule/frmCRMMain,Corporate Secretary,CRM Module
13/6/2024 12:28:25 PM,zfz1qwunlcm45r2czmpfhque,Zhirenzheng,https://portal.incorp.asia/myportal/CRMModule/frmCRMMain,Corporate Secretary,CRM Module
13/6/2024 12:28:27 PM,zfz1qwunlcm45r2czmpfhque,Zhirenzheng,https://portal.incorp.asia/myportal/CRMModule/frmCRMMain,Corporate Secretary,CRM Module
13/6/2024 12:30:37 PM,zfz1qwunlcm45r2czmpfhque,Zhirenzheng,https://portal.incorp.asia/myportal/CRMModule/frmCRMMain,Corporate Secretary,CRM Module
13/6/2024 12:31:27 PM,zfz1qwunlcm45r2czmpfhque,Zhirenzheng,https://portal.incorp.asia/myportal/CRMModule/frmCRMMain,Corporate Secretary,CRM Module
13/6/2024 5:20:58 PM,zfz1qwunlcm45r2czmpfhque,Zhirenzheng,https://portal.incorp.asia/myportal/EmailHelpdesk/frmEhpdDashboardTickets,DashBoard,Dashboard
13/6/2024 5:21:02 PM,zfz1qwunlcm45r2czmpfhque,Zhirenzheng,https://portal.incorp.asia/myportal/CRMModule/frmCRMMain,Corporate Secretary,CRM Module
13/6/2024 5:34:50 PM,zfz1qwunlcm45r2czmpfhque,Zhirenzheng,https://portal.incorp.asia/myportal/CRMModule/frmCRMMain,Corporate Secretary,CRM Module
13/6/2024 5:34:52 PM,zfz1qwunlcm45r2czmpfhque,Zhirenzheng,https://portal.incorp.asia/myportal/CRMModule/frmCRMMain,Corporate Secretary,CRM Module
13/6/2024 5:34:56 PM,zfz1qwunlcm45r2czmpfhque,Zhirenzheng,https://portal.incorp.asia/myportal/CRMModule/frmCRMMain,Corporate Secretary,CRM Module
13/6/2024 5:35:16 PM,zfz1qwunlcm45r2czmpfhque,Zhirenzheng,https://portal.incorp.asia/myportal/CRMModule/frmCRMMain,Corporate Secretary,CRM Module
13/6/2024 5:35:17 PM,zfz1qwunlcm45r2czmpfhque,Zhirenzheng,https://portal.incorp.asia/myportal/CRMModule/frmCRMMain,Corporate Secretary,CRM Module
13/6/2024 5:36:24 PM,zfz1qwunlcm45r2czmpfhque,Zhirenzheng,https://portal.incorp.asia/myportal/CRMModule/frmCRMMain,Corporate Secretary,CRM Module
13/6/2024 5:37:20 PM,zfz1qwunlcm45r2czmpfhque,Zhirenzheng,https://portal.incorp.asia/myportal/CRMModule/frmCRMMain?CRM_CompanyId=16390,Corporate Secretary,CRM Module
13/6/2024 5:42:34 PM,zfz1qwunlcm45r2czmpfhque,Zhirenzheng,https://portal.incorp.asia/myportal/CRMModule/frmCRMMain?CRM_CompanyId=16390,Corporate Secretary,CRM Module
13/6/2024 6:09:01 PM,zfz1qwunlcm45r2czmpfhque,Zhirenzheng,https://portal.incorp.asia/myportal/CRMModule/frmCRMMain?CRM_CompanyId=16390,Corporate Secretary,CRM Module
13/6/2024 6:09:02 PM,zfz1qwunlcm45r2czmpfhque,Zhirenzheng,https://portal.incorp.asia/myportal/CRMModule/frmCRMMain?CRM_CompanyId=16390,Corporate Secretary,CRM Module
13/6/2024 6:09:03 PM,zfz1qwunlcm45r2czmpfhque,Zhirenzheng,https://portal.incorp.asia/myportal/CRMModule/frmCRMMain?CRM_CompanyId=16390,Corporate Secretary,CRM Module
13/6/2024 6:09:05 PM,zfz1qwunlcm45r2czmpfhque,Zhirenzheng,https://portal.incorp.asia/myportal/CRMModule/frmCRMMain?CRM_CompanyId=16390,Corporate Secretary,CRM Module
13/6/2024 6:09:43 PM,zfz1qwunlcm45r2czmpfhque,Zhirenzheng,https://portal.incorp.asia/myportal/CRMModule/frmCRMMain?CRM_CompanyId=16390,Corporate Secretary,CRM Module
13/6/2024 6:10:24 PM,zfz1qwunlcm45r2czmpfhque,Zhirenzheng,https://portal.incorp.asia/myportal/CRMModule/frmCRMMain?CRM_CompanyId=23702,Corporate Secretary,CRM Module
13/6/2024 6:10:29 PM,zfz1qwunlcm45r2czmpfhque,Zhirenzheng,https://portal.incorp.asia/myportal/CRMModule/frmCRMMain?CRM_CompanyId=23702,Corporate Secretary,CRM Module
13/6/2024 6:28:44 PM,zfz1qwunlcm45r2czmpfhque,Zhirenzheng,https://portal.incorp.asia/myportal/MYOB/frmMyobSalesRegister,Accounting Module,Sales Invoice
13/6/2024 6:28:52 PM,zfz1qwunlcm45r2czmpfhque,Zhirenzheng,https://portal.incorp.asia/myportal/MYOB/frmMyobSalesRegister,Accounting Module,Sales Invoice
13/6/2024 6:29:03 PM,zfz1qwunlcm45r2czmpfhque,Zhirenzheng,https://portal.incorp.asia/myportal/MYOB/frmMyobSalesRegister,Accounting Module,Sales Invoice
13/6/2024 6:29:10 PM,zfz1qwunlcm45r2czmpfhque,Zhirenzheng,https://portal.incorp.asia/myportal/MYOB/frmMyobSalesRegister,Accounting Module,Sales Invoice
13/6/2024 6:29:30 PM,zfz1qwunlcm45r2czmpfhque,Zhirenzheng,https://portal.incorp.asia/myportal/MYOB/frmMyobSalesRegister,Accounting Module,Sales Invoice
13/6/2024 6:29:38 PM,zfz1qwunlcm45r2czmpfhque,Zhirenzheng,https://portal.incorp.asia/myportal/MYOB/frmMyobSalesRegister,Accounting Module,Sales Invoice
13/6/2024 6:30:38 PM,zfz1qwunlcm45r2czmpfhque,Zhirenzheng,https://portal.incorp.asia/myportal/CRMModule/frmCRMMain,Corporate Secretary,CRM Module
13/6/2024 6:30:47 PM,zfz1qwunlcm45r2czmpfhque,Zhirenzheng,https://portal.incorp.asia/myportal/CRMModule/frmCRMMain,Corporate Secretary,CRM Module
13/6/2024 6:31:15 PM,zfz1qwunlcm45r2czmpfhque,Zhirenzheng,https://portal.incorp.asia/myportal/CRMModule/frmCRMMain,Corporate Secretary,CRM Module
13/6/2024 6:31:18 PM,zfz1qwunlcm45r2czmpfhque,Zhirenzheng,https://portal.incorp.asia/myportal/CRMModule/frmCRMMain,Corporate Secretary,CRM Module
13/6/2024 6:31:19 PM,zfz1qwunlcm45r2czmpfhque,Zhirenzheng,https://portal.incorp.asia/myportal/CRMModule/frmCRMMain,Corporate Secretary,CRM Module
13/6/2024 6:31:24 PM,zfz1qwunlcm45r2czmpfhque,Zhirenzheng,https://portal.incorp.asia/myportal/CRMModule/frmCRMMain,Corporate Secretary,CRM Module
13/6/2024 6:31:34 PM,zfz1qwunlcm45r2czmpfhque,Zhirenzheng,https://portal.incorp.asia/myportal/CRMModule/frmCRMMain,Corporate Secretary,CRM Module
13/6/2024 6:31:52 PM,zfz1qwunlcm45r2czmpfhque,Zhirenzheng,https://portal.incorp.asia/myportal/CRMModule/frmCRMMain,Corporate Secretary,CRM Module
13/6/2024 6:31:54 PM,zfz1qwunlcm45r2czmpfhque,Zhirenzheng,https://portal.incorp.asia/myportal/CRMModule/frmCRMMain,Corporate Secretary,CRM Module
13/6/2024 6:31:55 PM,zfz1qwunlcm45r2czmpfhque,Zhirenzheng,https://portal.incorp.asia/myportal/CRMModule/frmCRMMain,Corporate Secretary,CRM Module
13/6/2024 6:32:04 PM,zfz1qwunlcm45r2czmpfhque,Zhirenzheng,https://portal.incorp.asia/myportal/CRMModule/frmCRMMain,Corporate Secretary,CRM Module
14/6/2024 4:22:51 PM,p1kmp1x2uah4uc52iivbxhmn,Zhirenzheng,https://portal.incorp.asia/myportal/EmailHelpdesk/frmEhpdDashboardTickets,DashBoard,Dashboard
14/6/2024 4:22:56 PM,p1kmp1x2uah4uc52iivbxhmn,Zhirenzheng,https://portal.incorp.asia/myportal/EmailHelpdesk/frmEhpdDashboardTickets/GetStaffName,DashBoard,Dashboard
14/6/2024 4:26:02 PM,p1kmp1x2uah4uc52iivbxhmn,Zhirenzheng,https://portal.incorp.asia/myportal/EmailHelpdesk/frmEhpdDashboardTickets,DashBoard,Dashboard
14/6/2024 4:28:03 PM,p1kmp1x2uah4uc52iivbxhmn,Zhirenzheng,https://portal.incorp.asia/myportal/EmailHelpdesk/frmEhpdDashboardTickets,DashBoard,Dashboard
14/6/2024 4:28:21 PM,p1kmp1x2uah4uc52iivbxhmn,Zhirenzheng,https://portal.incorp.asia/myportal/EmailHelpdesk/frmEhpdDashboardTickets,DashBoard,Dashboard
14/6/2024 4:28:28 PM,p1kmp1x2uah4uc52iivbxhmn,Zhirenzheng,https://portal.incorp.asia/myportal/CRMModule/frmCRMMain,Corporate Secretary,CRM Module
14/6/2024 4:28:47 PM,p1kmp1x2uah4uc52iivbxhmn,Zhirenzheng,https://portal.incorp.asia/myportal/CRMModule/frmCRMMain,Corporate Secretary,CRM Module
14/6/2024 4:28:49 PM,p1kmp1x2uah4uc52iivbxhmn,Zhirenzheng,https://portal.incorp.asia/myportal/CRMModule/frmCRMMain,Corporate Secretary,CRM Module
14/6/2024 4:28:52 PM,p1kmp1x2uah4uc52iivbxhmn,Zhirenzheng,https://portal.incorp.asia/myportal/CRMModule/frmCRMMain,Corporate Secretary,CRM Module
14/6/2024 4:28:54 PM,p1kmp1x2uah4uc52iivbxhmn,Zhirenzheng,https://portal.incorp.asia/myportal/CRMModule/frmCRMMain,Corporate Secretary,CRM Module
14/6/2024 4:32:23 PM,p1kmp1x2uah4uc52iivbxhmn,Zhirenzheng,https://portal.incorp.asia/myportal/CRMModule/frmCRMMain,Corporate Secretary,CRM Module
14/6/2024 4:32:58 PM,p1kmp1x2uah4uc52iivbxhmn,Zhirenzheng,https://portal.incorp.asia/myportal/CRMModule/frmCRMMain?CRM_CompanyId=15771,Corporate Secretary,CRM Module
14/6/2024 4:34:09 PM,p1kmp1x2uah4uc52iivbxhmn,Zhirenzheng,https://portal.incorp.asia/myportal/CRMModule/frmCRMMain?CRM_CompanyId=15771,Corporate Secretary,CRM Module
14/6/2024 4:34:22 PM,p1kmp1x2uah4uc52iivbxhmn,Zhirenzheng,https://portal.incorp.asia/myportal/EmailHelpdesk/frmEhpdDashboardTickets,DashBoard,Dashboard
14/6/2024 4:34:27 PM,p1kmp1x2uah4uc52iivbxhmn,Zhirenzheng,https://portal.incorp.asia/myportal/EmailHelpdesk/frmEhpdDashboardTickets/GetStaffName,DashBoard,Dashboard
14/6/2024 4:37:03 PM,p1kmp1x2uah4uc52iivbxhmn,Zhirenzheng,https://portal.incorp.asia/myportal/EmailHelpdesk/frmEhpdDashboardTickets,DashBoard,Dashboard
14/6/2024 4:40:33 PM,p1kmp1x2uah4uc52iivbxhmn,Zhirenzheng,https://portal.incorp.asia/myportal/MYOB/frmMYOBRefundAdjustmentRegister,Accounting Module,Credit Note
14/6/2024 4:40:41 PM,p1kmp1x2uah4uc52iivbxhmn,Zhirenzheng,https://portal.incorp.asia/myportal/MYOB/frmMYOBRefundAdjustmentRegister,Accounting Module,Credit Note
14/6/2024 4:40:49 PM,p1kmp1x2uah4uc52iivbxhmn,Zhirenzheng,https://portal.incorp.asia/myportal/MYOB/frmMYOBRefundAdjustmentRegister,Accounting Module,Credit Note
14/6/2024 4:41:04 PM,p1kmp1x2uah4uc52iivbxhmn,Zhirenzheng,https://portal.incorp.asia/myportal/MYOB/frmMYOBRefundAdjustmentRegister,Accounting Module,Credit Note
14/6/2024 4:41:13 PM,p1kmp1x2uah4uc52iivbxhmn,Zhirenzheng,https://portal.incorp.asia/myportal/MYOB/frmMYOBRefundAdjustmentRegister,Accounting Module,Credit Note
14/6/2024 4:41:14 PM,p1kmp1x2uah4uc52iivbxhmn,Zhirenzheng,https://portal.incorp.asia/myportal/MYOB/frmMYOBRefundAdjustmentRegister,Accounting Module,Credit Note
14/6/2024 4:41:30 PM,p1kmp1x2uah4uc52iivbxhmn,Zhirenzheng,https://portal.incorp.asia/myportal/MYOB/frmMYOBRefundAdjustmentRegister,Accounting Module,Credit Note
14/6/2024 4:41:30 PM,p1kmp1x2uah4uc52iivbxhmn,Zhirenzheng,https://portal.incorp.asia/myportal/MYOB/frmMYOBRefundAdjustmentRegister,Accounting Module,Credit Note
14/6/2024 4:41:34 PM,p1kmp1x2uah4uc52iivbxhmn,Zhirenzheng,https://portal.incorp.asia/myportal/MYOB/frmMYOBRefundAdjustmentRegister,Accounting Module,Credit Note
14/6/2024 4:43:57 PM,p1kmp1x2uah4uc52iivbxhmn,Zhirenzheng,https://portal.incorp.asia/myportal/MYOB/frmMYOBRefundAdjustmentRegister,Accounting Module,Credit Note
14/6/2024 4:50:21 PM,p1kmp1x2uah4uc52iivbxhmn,Zhirenzheng,https://portal.incorp.asia/myportal/MYOB/frmMYOBRefundAdjustmentRegister,Accounting Module,Credit Note
14/6/2024 4:56:24 PM,p1kmp1x2uah4uc52iivbxhmn,Zhirenzheng,https://portal.incorp.asia/myportal/MYOB/frmMyobSalesRegister,Accounting Module,Sales Invoice
14/6/2024 4:56:30 PM,p1kmp1x2uah4uc52iivbxhmn,Zhirenzheng,https://portal.incorp.asia/myportal/MYOB/frmMyobSalesRegister,Accounting Module,Sales Invoice
14/6/2024 4:57:55 PM,p1kmp1x2uah4uc52iivbxhmn,Zhirenzheng,https://portal.incorp.asia/myportal/MYOB/frmMyobSalesRegister,Accounting Module,Sales Invoice
14/6/2024 4:58:11 PM,p1kmp1x2uah4uc52iivbxhmn,Zhirenzheng,https://portal.incorp.asia/myportal/MYOB/frmMyobSalesRegister,Accounting Module,Sales Invoice
14/6/2024 5:31:59 PM,p1kmp1x2uah4uc52iivbxhmn,Zhirenzheng,https://portal.incorp.asia/myportal/EmailHelpdesk/frmEhpdDashboardTickets,DashBoard,Dashboard
14/6/2024 5:32:05 PM,p1kmp1x2uah4uc52iivbxhmn,Zhirenzheng,https://portal.incorp.asia/myportal/EmailHelpdesk/frmEhpdDashboardTickets/GetStaffName,DashBoard,Dashboard
14/6/2024 5:32:18 PM,p1kmp1x2uah4uc52iivbxhmn,Zhirenzheng,https://portal.incorp.asia/myportal/EmailHelpdesk/frmEhpdDashboardTickets,DashBoard,Dashboard
14/6/2024 5:32:35 PM,p1kmp1x2uah4uc52iivbxhmn,Zhirenzheng,https://portal.incorp.asia/myportal/EmailHelpdesk/frmEhpdDashboardTickets,DashBoard,Dashboard
14/6/2024 10:11:22 PM,h1xkusliymgy5f4oitgsffq3,Zhirenzheng,https://portal.incorp.asia/myportal/EmailHelpdesk/frmEhpdDashboardTickets,DashBoard,Dashboard
14/6/2024 10:11:27 PM,h1xkusliymgy5f4oitgsffq3,Zhirenzheng,https://portal.incorp.asia/myportal/EmailHelpdesk/frmEhpdDashboardTickets/GetStaffName,DashBoard,Dashboard
14/6/2024 10:13:09 PM,h1xkusliymgy5f4oitgsffq3,Zhirenzheng,https://portal.incorp.asia/myportal/CRMModule/frmCRMMain,Corporate Secretary,CRM Module
14/6/2024 10:13:16 PM,h1xkusliymgy5f4oitgsffq3,Zhirenzheng,https://portal.incorp.asia/myportal/CRMModule/frmCRMMain,Corporate Secretary,CRM Module
14/6/2024 10:13:17 PM,h1xkusliymgy5f4oitgsffq3,Zhirenzheng,https://portal.incorp.asia/myportal/CRMModule/frmCRMMain,Corporate Secretary,CRM Module
14/6/2024 10:13:18 PM,h1xkusliymgy5f4oitgsffq3,Zhirenzheng,https://portal.incorp.asia/myportal/CRMModule/frmCRMMain,Corporate Secretary,CRM Module
14/6/2024 10:13:33 PM,h1xkusliymgy5f4oitgsffq3,Zhirenzheng,https://portal.incorp.asia/myportal/CRMModule/frmCRMMain,Corporate Secretary,CRM Module
14/6/2024 10:14:41 PM,h1xkusliymgy5f4oitgsffq3,Zhirenzheng,https://portal.incorp.asia/myportal/CRMModule/frmCRMMain?CRM_CompanyId=25090,Corporate Secretary,CRM Module
14/6/2024 10:14:53 PM,h1xkusliymgy5f4oitgsffq3,Zhirenzheng,https://portal.incorp.asia/myportal/CRMModule/frmCRMMain?CRM_CompanyId=25090,Corporate Secretary,CRM Module
14/6/2024 10:19:35 PM,h1xkusliymgy5f4oitgsffq3,Zhirenzheng,https://portal.incorp.asia/myportal/MYOB/frmMyobSalesRegister,Accounting Module,Sales Invoice
14/6/2024 10:19:39 PM,h1xkusliymgy5f4oitgsffq3,Zhirenzheng,https://portal.incorp.asia/myportal/MYOB/frmMyobSalesRegister,Accounting Module,Sales Invoice
14/6/2024 10:19:56 PM,h1xkusliymgy5f4oitgsffq3,Zhirenzheng,https://portal.incorp.asia/myportal/MYOB/frmMyobSalesRegister,Accounting Module,Sales Invoice
14/6/2024 10:20:07 PM,h1xkusliymgy5f4oitgsffq3,Zhirenzheng,https://portal.incorp.asia/myportal/MYOB/frmMyobSalesRegister,Accounting Module,Sales Invoice
18/6/2024 2:57:21 PM,ngjwbqtlekpomchv23cgbqr5,Zhirenzheng,https://portal.incorp.asia/myportal/EmailHelpdesk/frmEhpdDashboardTickets,DashBoard,Dashboard
18/6/2024 2:57:29 PM,ngjwbqtlekpomchv23cgbqr5,Zhirenzheng,https://portal.incorp.asia/myportal/EmailHelpdesk/frmEhpdDashboardTickets/GetStaffName,DashBoard,Dashboard
